00240561 15
00450884 34
01050852 33
01160112 60
01160971 51
01300284 45
01353132 55
01360672 45
01400073 80
01422183 30
01561465 35
02040582 50
02050495 63
02051111 58
02051120 50
02051136 50
02053091 49
02060420 66
02060801 61
02063093 70
02070093 53
02070492 50
02080221 45
02080556 60
02090346 68
02091173 52
02091296 37
02110603 44
02110753 75
02110860 61
02111145 60
02111225 65
02111403 46
02111756 60
02130670 63
02130830 77
02130980 60
02131302 63
02131416 70
02131550 38
02131603 46
02131673 70
02131701 61
02133114 30
02160384 60
02200611 61
02200841 54
02201906 69
02203081 72
02210266 74
02210604 62
02211023 62
02230696 76
02231090 54
02232456 80
02240142 57
02240151 60
02240185 65
02240584 50
02302362 72
02302620 63
02303641 75
02350350 60
02350491 62
02350510 53
02350986 48
02353104 53
02363664 68
02363682 63
02370026 70
02390271 64
02390394 64
02391231 51
02400551 42
02403092 60
02410200 51
02410366 48
02410501 53
02410986 48
02413024 66
02421293 51
02422271 62
02422360 61
02422554 48
02423080 73
02430240 78
02430710 65
02440525 57
02440721 56
02440835 62
02441122 60
02441361 52
02442020 48
02450050 50
02450103 66
02450121 61
02450155 52
02450600 54
02450643 53
02450962 59
02480074 60
02520230 60
02521880 58
02522060 64
02522076 53
02522104 70
02523063 71
02523072 70
02523622 80
02542171 62
02550174 63
02550202 66
02550546 60
02550626 78
02551152 48
02551161 47
02560185 58
02560904 55
02561403 57
02563046 52
02563162 54
02570420 58
02570976 59
02571060 57
02571220 67
02571653 51
02571742 68
02571865 60
02650061 50
02650203 64
02910293 55
02911545 67
03040014 60
03040023 57
03040032 60
03040041 51
03040050 47
03040066 50
03040084 67
03040093 60
03040121 63
03040130 50
03040155 48
03040164 65
03040173 63
03040182 61
03040191 52
03040201 68
03040226 70
03040253 60
03040262 53
03040271 75
03040280 60
03040306 62
03040315 63
03040324 40
03040333 73
03040342 61
03040351 74
03040360 66
03040376 63
03040385 51
03040394 72
03040404 51
03040422 40
03040456 78
03040483 60
03040492 54
03040502 60
03040511 70
03040520 51
03040536 55
03040545 53
03040554 48
03040572 73
03040581 53
03040590 53
03040625 62
03040634 43
03040643 60
03040652 50
03040661 50
03043016 60
03043025 63
03050034 42
03050043 63
03050052 70
03050061 48
03050086 66
03050095 48
03050105 51
03050114 60
03050132 53
03050141 57
03050150 53
03050166 50
03050175 48
03050221 50
03050230 60
03050255 40
03050264 53
03050273 60
03050301 53
03050335 42
03050362 43
03050371 60
03050396 55
03050406 45
03050415 50
03050433 65
03050460 42
03050476 53
03050485 60
03050494 45
03050522 53
03050556 54
03050574 57
03050583 53
03050592 60
03050602 63
03050611 51
03050620 50
03050645 54
03050654 53
03050663 60
03050672 49
03050681 48
03050716 53
03050734 48
03050770 60
03050795 57
03050814 63
03050841 53
03050850 47
03050866 46
03050875 48
03050903 42
03050912 53
03050930 54
03050955 60
03050991 53
03051012 51
03051021 64
03051030 51
03051073 54
03051082 52
03051101 57
03051126 58
03051135 51
03051171 47
03052414 49
03052423 50
03053020 48
03053036 47
03053045 63
03053063 60
03053072 64
03053090 53
03053116 60
03053613 53
03053622 45
03053631 43
03053656 50
03060011 53
03060020 60
03060036 58
03060045 50
03060054 52
03060072 43
03060081 51
03060090 54
03060100 45
03060116 62
03060125 61
03060134 60
03060143 53
03060152 56
03060186 48
03060195 62
03060214 47
03060223 50
03060241 53
03060250 51
03060266 64
03060275 42
03060293 70
03060303 68
03060312 54
03060321 60
03060330 60
03060346 60
03060355 51
03060364 53
03060373 51
03060382 50
03060391 47
03060401 40
03060410 53
03060426 51
03060435 48
03060453 50
03060462 53
03060471 60
03060480 51
03060496 48
03060506 53
03060515 47
03060524 48
03060533 44
03060542 58
03060551 47
03060560 53
03060576 62
03060594 60
03060604 54
03060613 52
03060622 58
03060631 54
03060640 53
03060674 50
03060683 54
03060711 53
03060720 53
03060754 50
03060772 50
03060790 51
03060800 60
03060816 51
03060825 55
03060834 60
03060852 54
03060861 53
03060886 43
03060895 52
03060905 63
03060914 50
03060923 52
03060932 51
03060941 53
03060950 50
03060966 53
03060975 55
03060984 63
03061005 64
03061014 53
03061023 60
03061032 53
03061041 62
03061050 68
03061066 57
03061093 55
03061103 51
03061112 48
03061121 53
03062416 56
03063013 57
03063022 50
03063031 48
03063040 70
03063056 70
03063065 52
03063074 63
03070013 50
03070031 47
03070040 49
03070056 53
03070065 44
03070074 48
03070083 53
03070092 65
03070102 55
03070111 60
03070136 53
03070145 51
03070154 50
03070163 54
03070172 52
03070181 49
03070190 44
03070200 50
03070216 58
03070225 53
03070261 59
03070314 60
03070332 53
03070375 55
03070384 48
03070393 56
03070403 60
03070412 64
03070430 56
03070446 63
03070455 66
03070464 60
03070473 53
03070482 38
03070501 60
03070510 51
03070526 53
03070553 66
03070562 63
03070571 54
03070580 51
03070596 58
03070606 51
03070615 50
03070624 51
03070633 64
03070642 60
03070651 53
03070676 50
03070685 53
03070694 50
03070704 60
03070713 51
03070722 52
03070731 60
03072411 43
03073015 50
03073024 70
03073033 56
03073085 60
03073626 55
03073635 56
03080015 63
03080024 53
03080033 49
03080042 45
03080051 46
03080060 58
03080076 60
03080085 55
03080094 53
03080104 56
03080113 60
03080122 52
03080131 42
03080140 50
03080156 53
03080165 54
03080174 53
03080183 55
03080192 58
03080202 54
03080211 53
03080236 59
03080245 57
03080254 48
03080263 50
03080272 53
03080281 52
03080290 58
03080300 63
03080316 43
03080334 53
03080343 51
03080352 45
03080370 48
03080386 50
03080395 44
03080405 46
03080423 53
03080432 60
03080441 51
03080450 51
03080466 50
03080484 53
03080493 50
03080503 54
03080512 48
03080521 55
03080530 56
03080546 50
03080555 59
03080564 50
03080573 48
03080582 47
03080591 53
03080601 50
03080610 56
03080626 50
03080635 53
03080653 60
03080662 60
03080671 50
03080680 51
03080696 53
03080706 51
03080715 54
03080733 52
03080742 53
03080751 50
03080776 43
03082413 58
03082422 55
03082616 56
03082634 65
03090010 50
03090035 51
03090053 60
03090062 57
03090080 58
03090096 56
03090106 56
03090115 50
03090124 50
03090133 60
03090142 54
03090151 48
03090160 47
03090176 66
03090185 50
03090194 53
03090204 50
03090213 57
03090231 60
03090240 48
03090256 53
03090265 60
03090274 60
03090292 5
03090302 51
03090320 50
03090336 49
03090345 53
03090354 51
03090363 50
03090372 52
03090381 57
03090390 51
03090400 68
03090416 60
03090443 43
03090452 50
03090461 63
03090470 64
03090486 60
03090495 55
03090505 53
03090514 57
03090523 61
03090541 52
03090550 53
03090566 43
03090575 50
03090584 60
03090593 59
03090612 66
03090630 53
03090646 55
03090655 53
03090664 51
03090673 63
03090682 53
03090691 50
03090710 48
03090726 47
03090735 51
03090753 58
03090762 50
03090771 59
03090780 48
03090796 55
03090806 44
03090815 53
03090824 44
03090833 63
03090842 50
03090860 53
03090894 52
03090904 51
03090913 49
03090922 48
03090931 53
03090940 45
03090956 51
03090965 57
03090983 62
03091004 52
03091013 55
03091022 67
03091031 49
03091040 65
03091056 51
03091065 47
03091074 58
03091083 53
03091111 60
03091136 51
03091145 49
03091154 50
03091163 53
03091172 60
03091200 51
03091225 58
03091234 62
03091243 54
03091252 58
03091270 57
03091286 60
03091295 63
03091305 60
03091314 53
03091323 57
03091332 56
03091350 50
03091366 53
03091375 56
03091384 64
03091393 63
03092016 51
03092175 55
03092203 54
03092415 55
03092424 60
03092494 53
03092654 50
03092700 53
03092725 51
03092734 59
03092743 51
03092786 60
03092795 55
03092805 32
03093012 60
03093021 64
03093030 51
03093046 49
03093055 50
03093064 53
03093082 53
03093091 54
03093101 49
03110016 67
03110025 57
03110034 61
03110043 42
03110052 66
03110061 51
03110070 68
03110086 59
03110095 51
03110105 50
03110132 62
03110141 53
03110150 51
03110166 49
03110175 60
03110184 57
03110193 45
03110212 50
03110221 47
03110230 48
03110246 53
03110255 55
03110264 51
03110273 60
03110282 47
03110291 50
03110301 58
03110310 60
03110326 50
03110335 51
03110353 57
03110362 53
03110371 51
03110380 54
03110396 53
03110406 54
03110415 52
03110442 51
03110451 47
03110460 70
03110476 50
03110485 67
03110494 60
03110504 53
03110513 49
03110522 54
03110540 51
03110565 44
03110574 51
03110583 54
03110592 53
03110602 44
03110611 53
03110620 62
03110645 57
03110654 66
03110663 62
03110672 57
03110681 56
03110690 53
03110700 57
03110716 58
03110725 49
03110734 48
03110743 50
03110752 56
03110761 51
03110770 50
03110795 53
03110805 51
03110814 49
03110841 51
03110850 65
03110866 60
03110875 61
03110903 50
03110912 48
03110921 49
03110930 50
03110946 66
03110955 67
03110964 48
03110973 46
03110982 56
03110991 50
03111003 53
03111012 50
03111030 56
03111046 55
03111055 60
03111073 63
03111082 45
03111091 48
03111101 61
03111110 50
03111126 63
03111162 50
03111171 45
03111180 52
03111196 53
03111206 50
03111215 50
03111233 42
03111242 50
03111251 67
03111260 60
03111276 65
03111285 60
03111294 53
03111304 54
03111322 64
03111331 63
03111340 54
03111365 66
03111374 58
03111383 70
03111392 55
03111402 54
03111411 51
03111420 64
03111436 53
03111445 70
03111463 48
03111481 40
03111490 51
03111500 60
03111516 55
03111534 50
03111543 63
03111570 65
03111586 63
03111595 49
03111605 47
03111614 49
03111623 50
03111632 56
03111641 55
03111666 60
03111684 51
03111693 53
03111703 50
03111712 51
03111721 52
03111730 54
03111746 49
03111755 49
03111764 52
03111773 53
03111782 60
03111801 52
03111810 59
03111826 53
03111835 63
03111853 54
03111862 57
03111871 52
03111880 52
03111896 53
03111906 54
03111915 58
03111924 51
03111933 50
03111942 50
03111951 48
03111976 53
03111985 56
03111994 54
03112006 54
03112015 55
03112024 51
03112033 52
03112042 52
03112051 53
03112076 54
03112085 60
03112094 59
03112104 51
03112113 59
03112131 54
03112140 51
03112156 52
03112165 57
03112174 58
03112183 51
03112192 56
03112202 49
03112211 48
03112220 49
03112236 48
03112254 49
03112272 53
03112281 53
03112290 59
03112334 51
03112352 49
03112361 48
03112414 53
03112423 50
03112432 49
03112441 40
03112450 51
03112466 50
03112475 53
03112484 43
03112936 54
03113011 58
03113020 56
03113036 64
03113045 51
03113613 65
03113622 54
03130013 56
03130031 51
03130040 59
03130056 65
03130074 57
03130083 53
03130092 60
03130102 59
03130111 51
03130120 49
03130136 50
03130145 53
03130154 51
03130163 54
03130172 53
03130181 52
03130190 57
03130200 59
03130216 51
03130225 52
03130234 54
03130252 56
03130261 60
03130270 49
03130286 59
03130314 60
03130323 49
03130332 52
03130341 50
03130350 53
03130366 50
03130375 50
03130393 52
03130403 53
03130421 56
03130430 54
03130455 51
03130473 52
03130482 50
03130491 59
03130501 51
03130510 50
03130526 50
03130535 52
03130553 53
03130562 48
03130571 63
03130580 60
03130596 54
03130606 57
03130615 55
03130624 50
03130633 50
03130642 53
03130651 68
03130660 50
03130676 58
03130685 48
03130694 48
03130704 53
03130713 48
03130731 50
03130740 58
03130756 57
03130765 53
03130774 49
03130792 50
03130811 65
03130820 49
03130836 54
03130845 50
03130854 51
03130863 52
03130872 53
03130881 54
03130890 55
03130900 51
03130916 60
03130925 50
03130934 52
03130943 57
03130952 51
03130961 55
03130970 56
03131000 52
03131016 50
03131025 52
03131034 53
03131052 48
03131061 50
03131070 51
03131086 50
03131095 52
03131105 54
03131132 47
03131141 50
03131166 49
03131175 49
03131184 48
03131193 53
03131212 50
03131221 53
03131230 48
03131246 50
03131255 50
03131264 51
03131273 55
03131291 53
03131301 54
03131310 52
03131326 51
03131335 51
03131353 50
03131380 49
03131396 48
03131415 49
03131424 49
03131433 50
03131442 65
03131451 53
03131460 54
03131476 55
03131485 57
03131494 55
03131504 51
03131513 55
03131522 50
03131531 60
03131540 54
03131574 59
03131592 50
03131602 57
03131611 51
03131620 50
03131636 52
03131645 54
03131654 59
03131663 48
03131672 49
03131700 49
03131725 53
03131734 50
03131761 58
03131786 59
03131795 60
03131805 51
03131814 50
03131823 53
03131832 50
03131841 52
03131850 53
03131866 51
03131875 58
03131884 59
03131893 70
03131903 50
03131946 52
03131955 58
03131973 62
03131991 40
03132411 50
03132420 44
03133015 67
03133024 47
03133051 85
03133085 51
03133113 60
03133183 75
03133192 64
03133211 78
03133220 58
03133626 68
03133635 68
03160012 40
03160021 71
03160046 59
03160055 51
03160064 50
03160073 41
03160082 50
03160091 54
03160101 54
03160110 73
03160126 60
03160135 74
03160153 57
03160162 51
03160171 57
03160180 43
03160206 58
03160215 48
03160224 64
03160233 54
03160242 41
03160251 65
03160260 58
03160276 55
03160285 68
03160294 54
03160304 55
03160313 50
03160322 54
03160340 54
03160374 62
03160383 62
03160402 54
03160411 55
03160420 53
03160436 59
03160454 54
03160472 59
03160481 62
03160490 63
03160500 67
03160516 53
03160525 58
03160534 68
03160543 61
03160552 57
03160570 56
03160586 52
03160595 49
03160614 63
03160623 51
03160632 53
03160666 56
03160675 53
03160684 53
03160693 53
03160703 54
03160712 51
03160721 64
03160730 61
03160746 64
03160755 68
03160764 63
03160773 60
03160782 53
03160791 53
03160801 54
03160826 64
03160835 57
03160853 66
03160862 58
03160871 66
03160880 48
03160906 47
03160924 77
03160976 51
03161033 58
03161042 61
03161051 45
03161060 45
03161076 57
03161104 56
03161122 65
03161140 61
03161156 63
03161165 57
03161174 47
03161192 53
03161202 47
03161211 47
03161236 45
03161245 68
03161254 51
03161272 45
03162410 60
03163023 62
03163032 59
03163041 53
03163084 52
03163093 65
03163112 83
03163121 54
03163130 54
03163146 54
03163155 60
03163616 54
03163625 55
03200015 54
03200024 57
03200042 57
03200051 50
03200060 62
03200076 57
03200094 57
03200104 57
03200113 51
03200122 52
03200131 43
03200156 60
03200174 60
03200183 54
03200202 59
03200211 51
03200220 51
03200236 50
03200245 60
03200254 53
03200263 51
03200281 56
03200290 56
03200300 55
03200316 55
03200325 55
03200334 56
03200343 60
03200352 59
03200361 55
03200370 50
03200386 60
03200405 53
03200414 52
03200423 54
03200432 55
03200441 50
03200450 50
03200466 50
03200475 54
03200484 53
03200493 64
03200503 61
03200512 53
03200521 53
03200530 51
03200546 50
03200555 58
03200564 47
03200573 63
03200582 46
03200591 65
03200601 53
03200610 47
03200626 55
03200635 54
03200653 60
03200671 61
03200680 61
03200696 65
03200706 64
03200715 55
03200724 53
03200733 51
03200751 64
03200760 51
03200776 53
03200785 53
03200794 50
03200804 57
03200813 52
03200822 68
03200856 53
03200865 56
03200874 64
03200883 55
03200892 55
03200902 61
03200911 63
03200936 61
03200945 54
03200954 50
03200963 50
03200972 55
03200990 67
03201002 66
03201011 54
03201020 53
03201054 53
03201063 53
03201072 69
03201081 64
03201100 61
03201116 61
03201125 60
03201134 63
03201143 70
03201170 63
03201195 68
03201214 56
03201223 54
03201232 61
03201241 74
03201284 60
03201293 54
03201330 64
03201346 61
03201355 59
03201364 72
03201373 60
03201401 58
03201410 61
03201426 54
03201435 60
03201453 54
03201462 54
03201471 54
03201480 55
03201496 54
03201506 68
03201515 50
03201524 51
03201533 53
03201542 55
03201551 53
03201560 55
03201585 55
03201594 48
03201604 48
03201613 51
03201622 55
03201631 49
03201640 60
03201665 54
03201674 60
03201683 59
03201692 56
03201702 54
03201711 60
03201720 54
03201736 51
03201745 47
03201754 58
03201763 56
03201772 61
03201781 63
03201790 54
03201800 53
03201816 55
03201825 54
03201834 60
03201843 60
03201852 53
03201861 53
03201870 55
03201886 53
03201895 64
03201905 53
03201914 51
03201923 54
03201932 58
03201941 58
03201950 68
03201966 64
03201984 58
03201993 60
03202005 54
03202014 75
03202023 65
03202032 59
03202041 64
03202050 63
03202066 54
03202075 60
03202084 51
03202093 53
03202103 53
03202112 54
03202121 60
03202146 54
03202164 68
03202182 47
03202413 55
03202422 66
03202431 46
03202440 60
03202456 46
03202465 61
03202474 59
03202483 51
03202492 48
03202643 60
03202670 50
03202695 59
03202714 64
03210026 57
03210035 50
03210053 50
03210062 60
03210071 54
03210080 57
03210096 56
03210115 53
03210142 64
03210160 59
03210176 54
03210185 48
03210204 55
03210213 65
03210222 51
03210231 52
03210240 52
03210256 55
03210265 53
03210274 55
03210283 70
03210292 51
03210302 47
03210311 47
03210320 55
03210336 63
03210345 54
03210354 54
03210363 54
03210372 65
03210381 64
03210400 65
03210416 57
03210425 53
03210443 53
03210452 67
03210470 52
03210486 52
03210495 53
03210505 67
03210532 60
03210541 54
03210566 61
03210575 55
03210584 61
03210593 50
03210621 51
03210630 51
03210646 54
03210655 52
03210682 56
03210691 63
03210701 51
03210726 55
03210735 60
03210753 54
03210762 63
03210771 64
03210780 51
03210796 59
03210806 50
03210815 53
03210824 64
03210851 48
03210860 51
03210904 51
03210913 51
03210922 53
03210931 54
03210940 68
03210956 57
03210965 53
03210974 51
03210983 68
03211013 57
03211022 54
03211031 51
03211040 54
03211065 64
03211074 63
03211083 54
03211092 53
03211102 58
03211111 51
03211120 66
03211136 51
03211145 51
03211154 49
03211163 47
03211172 59
03211181 78
03211190 50
03211200 51
03211225 53
03211234 53
03211243 46
03211261 54
03211270 52
03211286 68
03211295 51
03211305 51
03211314 52
03211323 46
03211332 51
03211341 56
03211350 60
03211366 61
03211375 54
03211384 51
03211403 51
03211412 52
03211421 52
03211430 54
03212415 48
03212424 48
03212433 51
03213021 59
03213030 61
03213046 68
03213614 70
03213623 51
03213632 43
03213650 51
03230014 47
03230023 55
03230032 54
03230041 51
03230050 44
03230066 43
03230075 49
03230084 49
03230093 54
03230103 51
03230112 51
03230121 52
03230146 52
03230155 59
03230164 51
03230173 51
03230182 51
03230191 53
03230201 51
03230210 51
03230226 67
03230235 59
03230253 51
03230262 52
03230271 64
03230280 69
03230296 53
03230306 53
03230324 50
03230333 49
03230351 51
03230376 51
03230394 53
03230404 59
03230422 54
03230431 52
03230440 54
03230456 53
03230465 52
03230474 50
03230483 52
03230492 53
03230502 58
03230511 48
03230520 48
03230545 54
03230554 54
03230563 57
03230572 61
03230581 59
03230590 58
03230600 54
03230616 49
03230625 54
03230634 47
03230643 69
03230652 54
03230661 50
03230670 50
03230705 54
03230714 51
03230723 59
03230732 50
03230741 51
03230766 54
03230775 47
03230803 43
03230821 50
03230830 50
03230846 50
03230855 54
03230873 57
03230891 51
03230901 46
03230910 49
03230926 51
03230935 49
03230953 49
03230962 48
03230971 50
03230980 52
03231001 54
03231026 56
03231035 49
03231071 57
03231080 52
03231096 49
03231106 49
03231115 55
03231124 52
03231142 50
03231151 50
03231160 49
03231176 54
03231185 51
03231194 53
03231204 53
03231213 52
03231222 51
03231231 59
03231240 49
03231256 51
03231265 54
03231274 56
03231283 52
03231292 53
03231302 51
03231311 51
03231320 57
03231354 60
03231363 55
03231372 60
03232412 49
03232421 50
03232430 64
03233016 60
03233025 63
03233034 47
03233052 65
03240016 61
03240025 64
03240034 46
03240043 46
03240052 49
03240061 49
03240070 47
03240086 54
03240105 49
03240123 55
03240132 54
03240150 59
03240166 57
03240175 50
03240184 51
03240193 53
03240203 53
03240212 50
03240230 63
03240246 60
03240255 54
03240264 51
03240282 64
03240291 52
03240301 70
03240326 47
03240335 51
03240353 51
03240371 50
03240396 58
03240406 57
03240433 54
03240442 48
03240451 49
03240460 49
03240522 49
03240531 49
03240540 40
03240556 54
03240592 64
03240602 60
03242414 57
03242423 61
03242432 58
03242441 57
03242450 54
03242466 49
03242475 51
03243054 58
03243063 55
03243613 63
03243622 59
03243631 51
03243640 60
03243656 60
03243665 53
03270015 53
03270024 54
03270033 50
03270042 50
03270060 57
03270076 57
03270104 67
03270113 64
03270131 64
03270140 57
03270165 54
03270183 53
03270202 53
03290012 52
03290021 52
03290030 53
03290046 64
03290055 64
03290064 58
03290082 57
03290091 57
03290110 50
03290126 54
03290135 49
03290162 49
03290171 50
03290180 47
03290196 51
03290206 59
03290233 59
03290242 57
03290251 65
03290260 49
03290356 64
03290374 64
03290383 57
03290392 57
03290402 51
03290411 48
03290420 48
03290436 68
03290445 60
03290454 51
03290463 51
03290472 50
03290490 52
03290500 50
03290516 51
03290525 53
03290534 52
03290543 56
03290570 56
03290586 64
03290595 54
03290605 58
03290614 51
03290623 64
03290632 58
03290650 51
03290666 55
03290675 54
03292410 65
03292426 52
03292435 66
03292453 54
03292471 51
03292480 49
03292496 49
03292506 51
03292515 51
03292533 50
03292895 51
03292905 54
03292923 60
03293014 64
03293032 71
03320013 50
03320022 51
03320031 50
03320065 51
03320074 51
03320083 57
03320092 51
03320102 50
03320111 49
03320120 50
03320136 64
03320145 53
03320154 53
03320163 47
03320172 60
03320181 51
03320190 60
03320200 60
03320216 58
03320225 60
03320234 45
03320252 58
03320341 54
03320366 51
03320375 66
03320393 74
03320446 54
03320455 53
03320464 55
03320473 75
03320482 47
03320501 50
03320510 53
03320526 52
03320535 64
03320553 51
03320562 54
03320571 49
03320580 49
03320596 48
03320606 50
03320615 49
03320624 48
03320633 48
03320642 48
03320660 53
03320676 58
03320685 64
03320694 54
03320704 52
03320713 50
03320731 60
03320740 58
03320756 54
03322411 50
03322420 64
03322436 50
03322454 46
03322463 50
03322472 50
03322481 48
03322801 77
03322835 57
03322871 57
03322880 52
03322915 51
03322924 51
03322960 47
03330015 58
03330024 64
03330042 53
03330060 57
03330076 52
03330085 52
03330094 52
03330104 50
03330113 50
03330122 58
03330131 70
03330140 63
03330156 50
03330165 49
03330183 52
03330192 58
03330202 58
03330211 50
03330290 45
03330316 51
03330325 51
03330334 50
03330343 53
03330352 54
03330361 53
03330370 51
03330386 51
03330395 59
03330405 59
03330432 51
03330441 64
03330466 53
03330475 53
03330484 63
03330493 52
03330503 52
03330512 52
03330521 52
03330530 48
03330546 64
03330555 43
03330564 63
03330573 50
03330582 50
03330591 51
03330610 50
03330626 51
03330635 55
03332413 55
03332422 58
03332431 54
03332440 51
03332456 47
03332465 51
03332474 52
03332483 49
03332492 51
03332502 64
03332511 54
03332520 52
03332536 47
03332910 47
03340010 55
03340026 49
03340035 49
03340053 69
03340071 51
03340080 46
03340096 55
03340106 54
03340115 50
03340133 60
03340142 51
03340151 49
03340160 53
03340176 50
03340185 51
03340240 60
03340292 53
03340311 53
03340320 53
03340336 57
03340345 53
03340354 57
03340381 72
03340390 61
03340400 49
03340416 55
03340425 57
03340434 49
03340461 49
03340470 47
03340486 49
03340495 48
03340505 50
03340514 56
03340523 56
03340532 56
03340541 57
03340550 60
03340566 50
03340575 47
03340584 51
03340593 49
03340603 49
03340621 48
03340630 49
03340646 46
03340655 46
03342415 54
03342424 52
03342433 50
03342442 50
03342451 50
03342460 53
03342476 50
03342485 47
03342494 54
03350012 50
03350021 50
03350030 43
03350046 54
03350073 46
03350091 46
03350126 46
03350135 46
03350162 51
03350196 50
03350206 61
03350233 65
03350242 46
03350251 60
03350260 59
03350285 46
03350294 48
03350304 52
03350322 52
03350331 59
03350340 50
03350365 47
03350374 60
03350383 46
03350402 47
03350411 53
03350420 59
03350436 54
03350454 54
03350463 46
03350490 46
03350500 49
03350516 50
03350534 47
03350543 50
03350552 50
03350561 50
03350570 57
03350595 58
03350605 52
03350614 54
03350623 59
03350632 50
03350641 50
03350650 57
03350666 46
03350684 68
03350693 60
03350703 50
03350730 51
03350755 60
03350764 54
03350782 50
03350826 68
03350835 57
03350853 54
03350862 52
03350871 52
03350880 50
03350896 47
03350906 49
03350915 52
03350933 50
03350942 47
03350976 47
03350985 55
03350994 49
03351015 75
03351024 43
03351033 50
03351051 55
03351060 50
03351085 49
03351094 49
03351113 53
03351131 49
03351156 48
03351174 54
03351192 56
03351202 64
03351220 52
03351236 55
03351245 59
03352410 50
03353041 54
03353075 51
03353112 60
03353616 50
03353625 59
03360014 50
03360023 53
03360032 49
03360041 49
03360075 47
03360084 58
03360093 50
03360112 53
03360121 60
03360146 49
03360155 55
03360164 55
03360173 58
03360182 51
03360210 53
03360226 46
03360235 48
03360253 50
03360262 50
03360271 48
03360296 55
03360306 57
03360315 46
03360324 44
03360342 46
03360351 90
03360360 48
03360376 57
03360404 53
03360413 46
03360431 50
03453024 62
03453042 64
03453051 64
03470010 52
03470026 50
03470053 22
03470071 57
03470080 45
03470096 60
03480012 58
03480030 51
03480046 42
03480055 22
03480073 47
03480082 43
03480135 50
03520015 45
03520024 54
03520033 48
03520042 48
03520051 49
03520060 57
03520085 47
03520094 59
03520104 52
03520113 65
03520122 52
03520131 48
03520140 46
03520156 47
03520165 51
03520174 42
03520183 57
03520192 58
03520202 47
03520211 51
03520220 57
03520236 73
03520245 52
03520254 47
03520263 55
03520272 61
03520281 48
03520290 47
03520300 42
03520316 55
03520325 47
03520334 45
03520343 48
03520352 46
03520361 49
03520370 50
03520386 51
03520395 45
03520414 58
03520432 59
03520450 58
03520466 47
03520475 52
03520484 42
03520493 40
03520512 47
03520521 45
03520530 46
03520546 48
03520555 48
03520564 49
03520582 48
03520591 45
03520601 49
03520626 48
03520635 54
03520653 65
03520671 60
03520680 61
03520706 62
03520715 51
03520724 63
03520742 52
03520760 67
03520776 47
03520785 53

03520794 50
03520804 57
03520813 52
03520822 54
03520831 50
03520840 46
03520865 47
03520874 50
03520883 51
03520892 52
03520902 53
03520911 57
03520920 47
03520945 52
03520954 58
03520981 47
03520990 49
03521002 51
03521011 48
03521020 5
03521036 58
03521045 55
03521054 56
03521063 50
03521072 59
03521081 55
03521090 70
03521100 57
03521116 47
03521125 53
03521134 58
03521143 67
03521152 50
03521161 48
03521170 43
03521186 42
03521195 47
03521232 49
03521241 50
03521250 52
03521266 47
03521275 51
03521303 53
03521312 58
03521321 67
03521330 62
03521346 57
03521355 54
03521364 55
03521391 47
03521401 61
03521426 58
03521435 52
03521462 46
03521471 43
03521480 50
03521496 53
03521506 54
03521515 48
03521524 46
03521533 48
03521542 53
03521551 57
03521560 48
03521576 51
03521594 49
03521613 43
03521631 49
03521640 50
03521656 48
03521674 47
03521683 67
03521692 69
03521702 60
03521711 58
03521720 47
03521745 46
03521754 70
03521763 48
03521772 44
03521781 52
03521790 53
03521825 48
03521834 51
03521852 42
03521861 42
03521870 45
03521886 43
03521895 50
03521905 52
03521914 48
03521923 47
03521932 46
03521950 52
03521966 52
03521975 53
03521984 50
03521993 49
03522005 44
03522014 48
03522023 51
03522032 52
03522050 48
03522066 47
03522075 42
03522084 45
03522093 44
03522112 47
03522121 42
03522130 47
03522146 41
03522155 43
03522173 57
03522182 53
03522191 53
03522413 56
03522431 48
03522440 44
03522456 51
03522465 47
03522474 42
03522483 51
03522492 47
03522502 56
03522511 42
03523010 51
03523026 57
03523035 46
03523612 52
03523621 46
03540012 61
03540021 51
03540030 73
03540046 68
03540055 57
03540064 52
03540073 48
03540082 49
03540101 51
03540110 57
03540126 44
03540135 42
03540153 47
03540162 47
03540171 42
03540180 51
03540196 47
03540206 53
03540224 57
03540233 52
03540242 55
03540251 56
03540260 47
03540276 46
03540285 51
03540294 48
03540304 57
03540313 48
03540322 53
03540331 48
03540340 58
03540356 42
03540365 47
03540374 44
03540383 50
03540392 48
03540402 52
03540411 47
03540420 47
03540436 46
03540445 50
03540454 52
03540463 48
03540472 53
03540481 48
03540490 49
03540500 55
03540516 48
03540525 50
03540534 51
03540552 43
03540570 46
03540586 47
03540595 42
03540605 43
03540614 43
03540623 67
03540632 52
03540641 58
03540650 57
03540666 47
03540684 49
03540693 68
03540730 60
03540764 57
03540773 58
03540782 58
03540791 49
03540826 57
03540835 52
03540853 50
03540862 54
03540871 62
03540880 64
03540896 52
03540915 66
03540924 48
03540933 61
03540951 59
03540960 59
03540976 48
03540985 50
03540994 70
03541006 51
03541015 55
03541024 52
03541042 50
03541051 48
03541060 52
03541076 48
03541085 50
03541094 42
03541104 50
03541113 62
03541122 50
03541131 53
03541156 51
03541165 52
03541174 54
03541183 50
03541192 53
03541202 48
03541236 53
03541263 49
03541272 48
03541281 53
03541290 5
03541300 58
03541325 54
03541334 56
03541343 63
03541361 60
03541370 58
03541386 52
03541395 50
03541405 49
03541414 67
03541423 64
03541432 42
03541441 48
03541450 50
03541466 49
03541475 53
03541484 52
03541493 54
03541503 55
03541512 47
03541521 47
03541530 59
03541546 49
03541555 49
03541564 53
03541582 51
03541591 52
03541601 54
03541610 47
03541626 52
03541635 68
03541653 55
03541662 48
03541671 46
03541680 56
03541696 68
03541706 68
03541715 66
03541733 42
03541742 66
03541751 68
03541760 68
03541776 67
03541794 49
03541804 52
03541813 57
03541822 61
03541840 61
03541856 51
03541865 58
03541874 63
03541883 65
03541892 61
03541902 48
03541911 52
03541920 45
03541936 44
03541945 69
03541954 58
03541963 46
03541972 57
03541981 44
03541990 56
03542002 52
03542011 51
03542020 57
03542036 68
03542045 47
03542054 54
03542063 64
03542072 50
03542081 48
03542090 49
03542100 53
03542116 57
03542125 56
03542143 59
03542152 49
03542161 67
03542170 48
03542186 50
03542410 52
03542426 47
03542435 46
03542453 48
03542462 44
03542471 49
03542480 57
03542496 57
03542506 56
03542515 52
03542524 54
03542533 50
03542542 56
03542551 47
03542560 50
03542576 53
03542914 50
03542923 47
03542950 50
03543023 58
03543041 57
03543050 58
03543066 60
03543616 67
03543634 56
03550014 46
03550023 43
03550032 45
03550050 41
03550075 67
03550084 55
03550093 68
03550103 58
03550112 60
03550121 48
03550146 54
03550155 50
03550173 49
03550191 47
03550201 52
03550210 51
03550226 48
03550253 63
03550271 44
03550280 41
03550306 69
03550315 66
03550324 68
03550333 57
03550342 63
03550351 58
03550360 51
03550376 50
03550385 63
03550394 55
03550404 52
03550431 50
03550440 51
03550456 72
03550465 53
03550474 67
03550492 44
03550511 43
03550520 50
03550536 55
03550545 57
03550554 54
03550563 58
03550581 58
03550600 56
03550625 40
03550634 63
03550652 61
03550670 54
03550695 50
03550723 48
03550732 47
03550750 54
03550775 47
03550793 62
03550803 45
03550812 48
03550821 63
03550846 48
03550855 58
03550864 56
03550873 47
03550891 50
03550901 54
03550910 48
03550953 44
03550971 43
03551001 50
03551026 46
03551053 48
03551062 60
03551071 55
03551080 48
03551096 46
03551115 53
03551133 50
03551142 55
03551160 56
03551176 56
03551185 55
03551194 54
03551204 49
03551213 68
03551222 60
03551231 51
03551240 50
03551256 49
03551274 49
03551302 52
03551336 53
03551363 48
03551372 50
03551381 49
03552412 48
03552421 50
03552430 47
03552446 53
03553016 67
03553070 73
03553086 54
03553105 49
03553123 40
03553132 42
03553141 44
03553150 60
03553166 51
03553175 60
03553184 64
03553193 65
03553203 62
03553255 59
03553611 68
03553620 69
03560025 50
03560034 47
03560043 52
03560061 53
03560070 48
03560095 47
03560105 57
03560114 55
03560123 60
03560132 61
03560141 60
03560150 50
03560175 53
03560184 50
03560193 50
03560212 49
03560221 51
03560230 48
03560246 50
03560255 53
03560264 60
03560282 57
03560291 58
03560310 58
03560326 48
03560335 43
03560353 41
03560362 42
03560371 50
03560380 47
03560396 48
03560406 49
03560424 51
03560451 50
03560460 53
03560476 56
03560485 48
03560504 47
03560522 53
03560531 47
03560540 58
03560556 56
03560565 59
03560574 54
03560583 45
03560592 46
03560602 47
03560611 58
03560636 50
03560645 49
03560681 57
03560700 54
03560716 50
03560725 60
03560734 44
03560743 62
03560752 51
03560770 48
03560786 47
03560795 47
03560805 53
03560814 52
03560832 62
03560841 47
03560850 50
03560875 63
03560884 52
03560893 64
03560903 66
03560912 40
03560921 30
03560930 55
03560955 53
03560973 75
03560982 63
03560991 57
03561003 48
03561012 32
03561021 27
03561030 22
03561046 29
03561055 24
03561064 37
03561082 29
03561091 57
03561101 44
03561110 39
03561126 33
03561153 27
03561162 24
03561196 35
03561206 43
03561215 58
03561224 35
03561233 44
03561242 39
03561251 34
03561260 45
03561276 42
03561285 33
03561294 58
03561313 50
03561322 41
03561331 64
03561340 45
03561365 38
03561374 36
03561383 35
03561392 20
03561402 31
03561411 31
03561420 43
03561436 47
03561445 43
03561454 51
03561472 46
03561481 42
03561500 34
03561516 36
03561525 54
03561534 52
03561552 38
03561561 61
03561570 30
03561595 36
03561605 50
03561614 36
03561623 37
03561632 36
03562414 33
03562423 66
03562432 42
03563036 39
03563045 34
03563054 50
03563063 36
03563072 42
03563081 49
03563090 0
03563100 35
03563116 67
03563613 62
03563622 44
03563631 59
03563640 53
03570011 42
03570020 44
03570036 38
03570045 31
03570054 34
03570063 30
03570072 32
03570081 72
03570090 55
03570100 53
03570116 38
03570134 65
03570143 62
03570152 63
03570161 55
03570170 57
03570186 61
03570195 56
03570205 64
03570223 55
03570241 53
03570250 48
03570266 32
03570275 47
03570284 50
03570293 48
03570303 49
03570312 75
03570330 54
03570355 55
03570364 53
03570373 54
03570382 67
03570391 54
03570401 55
03570453 51
03570462 67
03570471 54
03570480 53
03570496 69
03570506 60
03570515 65
03570524 55
03570533 60
03570542 65
03570551 63
03570560 70
03570576 64
03570585 75
03570604 65
03570613 57
03570622 65
03570631 67
03570656 70
03570674 57
03570683 57
03570702 56
03570720 60
03570736 65
03570754 67
03570772 57
03570790 60
03570800 59
03570825 61
03570834 73
03570852 58
03570861 57
03570870 63
03570886 7
03570895 62
03570905 68
03570914 72
03570923 54
03570932 53
03570941 53
03570950 6
03570966 47
03570975 52
03570984 54
03570993 48
03571005 50
03571014 54
03571023 56
03571032 50
03571041 42
03571050 44
03571066 49
03571075 72
03571084 54
03571093 42
03571103 63
03571112 41
03571121 53
03571130 56
03571164 67
03571173 58
03571191 51
03571201 63
03571210 65
03571226 51
03571235 52
03571253 54
03571262 57
03571271 54
03571280 63
03571296 61
03571315 54
03571333 50
03571351 53
03571360 68
03571376 66
03571394 40
03571422 67
03571440 54
03571456 69
03571465 58
03571474 5
03571502 0
03571536 52
03571563 72
03571590 70
03571616 73
03571625 47
03571634 49
03571643 62
03571652 64
03571661 51
03571670 49
03571686 68
03571695 58
03571714 72
03571723 48
03571732 62
03571741 72
03571750 40
03571766 55
03571775 49
03571784 48
03571803 50
03571812 65
03571821 50
03571830 35
03571846 57
03571855 62
03571864 64
03571882 52
03571891 47
03571901 46
03571926 40
03571935 54
03571953 55
03571962 50
03571971 63
03571980 50
03572001 66
03572010 47
03572026 44
03572035 62
03572062 50
03572096 48
03572106 44
03572115 66
03572124 42
03572133 46
03572142 50
03572151 47
03572160 53
03572176 55
03572185 51
03572194 50
03572204 46
03572222 66
03572231 50
03572240 49
03572256 50
03572283 52
03572302 44
03572311 41
03572336 53
03572363 52
03572372 54
03572381 0
03572416 49
03572425 65
03572470 51
03572486 43
03572495 50
03572505 61
03572913 46
03572956 48
03572974 58
03573013 41
03573022 40
03573040 40
03573056 52
03573615 78
03590024 51
03590042 52
03590051 47
03590060 0
03590076 50
03590085 50
03590094 48
03590122 40
03650015 52
03650024 48
03650051 50
03650076 48
03650085 53
03650094 65
03650104 51
03650113 50
03650122 66
03650140 57
03650156 53
03650165 56
03650174 52
03650183 60
03650202 55
03650220 51
03650236 55
03650245 57
03650254 48
03650272 46
03650281 52
03650290 55
03650300 49
03650316 53
03650325 51
03650361 55
03650370 53
03650395 50
03650405 48
03650414 46
03650423 46
03650441 52
03650450 43
03650466 50
03650475 46
03650484 50
03650493 51
03650503 48
03650521 46
03650530 55
03652413 52
03652422 45
03652431 52
03653026 71
03653035 44
03670012 44
03670021 45
03670030 51
03670055 53
03670064 50
03670082 44
03670091 58
03670110 58
03670126 45
03670135 44
03670153 40
03670171 47
03670180 50
03670196 52
03670206 51
03670215 53
03670224 58
03670233 57
03670242 62
03670251 46
03670260 46
03670276 44
03670285 45
03670294 44
03670304 50
03670313 50
03670322 62
03670331 61
03670356 42
03670374 50
03670383 51
03670402 52
03670445 50
03670454 40
03670490 42
03670516 45
03670534 51
03670543 51
03670552 54
03670586 49
03670595 48
03670605 48
03670614 52
03670632 53
03670641 55
03670650 54
03670675 55
03670684 53
03670693 56
03670703 58
03670712 47
03670721 0
03670730 46
03670746 48
03672410 58
03672426 66
03673023 50
03673041 42
03910071 50
03910096 48
03910115 47
03910124 44
03910142 45
03910151 67
03910160 50
03910176 68
03910185 42
03360456 83
03360465 74
03360474 65
03360483 88
03360492 50
03360502 65
03360511 65
03360520 65
03360536 65
03360545 50
03360554 74
03360563 60
03360572 65
03360600 50
03360616 65
03360625 79
03360634 74
03360643 50
03360652 55
03360661 65
03360686 60
03360695 50
03360705 65
03360714 65
03360723 50
03360732 50
03360741 65
03360750 50
03360766 50
03360803 74
03360812 50
03360821 60
03360830 45
03360846 79
03360855 65
03360873 65
03360882 65
03360910 60
03360926 70
03360935 65
03360953 83
03360962 55
03360971 55
03360980 65
03360996 45
03361010 65
03361026 70
03361035 74
03361053 50
03361062 65
03361071 60
03361080 45
03361096 65
03361106 65
03361124 55
03361151 60
03361160 65
03361176 55
03361204 60
03362412 50
03362421 45
03362430 65
03363043 50
03363052 65
03363061 50
03363095 60
03363105 60
03363611 55
03363620 50
03363645 74
03363654 65
03370034 45
03370043 50
03370052 60
03370070 50
03370086 50
03370105 50
03370114 50
03370123 60
03370132 65
03370141 50
03370150 55
03370166 50
03370175 50
03370193 50
03370203 50
03370221 40
03370246 40
03370255 40
03370264 45
03370282 50
03370301 50
03370310 40
03370326 55
03370335 55
03370371 60
03370396 50
03370406 65
03370415 50
03370433 40
03370451 40
03370476 50
03370494 50
03370504 45
03370531 40
03370556 40
03370565 60
03370583 45
03370592 60
03370602 45
03370611 40
03370620 40
03370645 55
03370672 45
03370681 50
03370690 40
03370700 60
03370716 40
03370725 65
03370743 60
03370752 50
03370761 40
03370814 50
03370823 50
03370832 40
03370875 50
03370893 45
03370903 40
03370921 45
03370930 45
03370955 40
03370973 40
03371012 45
03371021 40
03371030 40
03371082 45
03371110 60
03371126 60
03371162 45
03371171 45
03372414 45
03372432 40
03372441 40
03372450 55
03373045 50
03373613 55
03373622 40
03373631 60
03373640 65
03373665 40
03373674 40
03390013 40
03390031 45
03390040 40
03390056 40
03390065 50
03390074 40
03390083 60
03390092 50
03390120 60
03390136 60
03390145 60
03390154 45
03390163 40
03390172 45
03390200 40
03390216 45
03390243 50
03390252 65
03390261 50
03390270 40
03390286 40
03390341 40
03390350 40
03390366 50
03390403 40
03390421 40
03390430 40
03390446 40
03390455 50
03390464 45
03390482 50
03390501 50
03390510 45
03390526 40
03390535 50
03390553 40
03390562 45
03390580 40
03390596 45
03390606 45
03390642 45
03390651 40
03390676 40
03390685 35
03390694 45
03390704 50
03390713 45
03390722 45
03390731 45
03390740 45
03390756 40
03390783 40
03390792 45
03390802 55
03390811 50
03390845 40
03390890 45
03390900 35
03390916 65
03390925 45
03390943 45
03390952 40
03390961 65
03390986 45
03390995 55
03391016 40
03391025 40
03391034 65
03391043 50
03391052 40
03391061 50
03391070 40
03391086 30
03391095 45
03391105 40
03391114 40
03391132 60
03391150 45
03391166 50
03391175 60
03391184 45
03391193 40
03391203 45
03391212 40
03391221 35
03391230 35
03391246 35
03391255 55
03391264 50
03391273 40
03391301 45
03391310 45
03391326 50
03391335 40
03391353 40
03391362 40
03391380 60
03391396 65
03391406 50
03391451 50
03391460 35
03391476 35
03392411 50
03392420 50
03393015 40
03393024 40
03393042 45
03393051 40
03393060 30
03393076 35
03393094 60
03393610 50
03393635 40
03400010 40
03400026 40
03400035 50
03400053 40
03400062 60
03400071 40
03400080 50
03400096 30
03400106 40
03400124 40
03400133 55
03400142 45
03400151 50
03400160 45
03400176 45
03400194 50
03400213 55
03400222 65
03400231 45
03400240 50
03400265 50
03400274 45
03400283 50
03400292 50
03400311 60
03400320 45
03400336 50
03400345 40
03400363 50
03400372 45
03400381 65
03400390 40
03400400 60
03400416 45
03400425 45
03400434 74
03400452 74
03400486 45
03400495 40
03400505 70
03400514 45
03400523 45
03400532 55
03400541 55
03400550 40
03400566 40
03400575 40
03400584 45
03400593 40
03400603 40
03400612 60
03400621 50
03400630 60
03400646 45
03400655 55
03400664 50
03400673 45
03400682 40
03400701 45
03400710 45
03400726 50
03400735 45
03400753 40
03400762 65
03400815 45
03400824 50
03400833 40
03400842 45
03400851 50
03400876 50
03400885 55
03400904 50
03400922 45
03400940 65
03400965 55
03400983 50
03400992 45
03401004 45
03401022 45
03401031 45
03401040 35
03401056 50
03401065 50
03401074 45
03401083 60
03401092 50
03401102 50
03401111 55
03401120 50
03401145 40
03401154 50
03401181 50
03401190 45
03401200 45
03401216 45
03401234 60
03401243 40
03401252 50
03401261 45
03402415 45
03403021 40
03403046 45
03403064 50
03403614 55
03403623 45
03403632 40
03410012 40
03410021 40
03410030 45
03410064 50
03410073 45
03410082 45
03410091 45
03410101 45
03410110 45
03410126 40
03410135 50
03410153 40
03410162 45
03410171 50
03410180 55
03410196 50
03410206 70
03410215 50
03410224 50
03410233 40
03410251 50
03410260 45
03410276 45
03410285 45
03410304 45
03410313 50
03410322 60
03410331 50
03410340 50
03410356 45
03410365 60
03410374 60
03410383 40
03410392 50
03410402 45
03410411 45
03410420 50
03410436 50
03410445 45
03410454 50
03410463 50
03410472 45
03410481 45
03410490 45
03410500 74
03410516 45
03410525 40
03410543 45
03410552 50
03410561 45
03410570 45
03410586 45
03410595 65
03410605 50
03410614 50
03410623 60
03410632 45
03410641 50
03410650 45
03410666 60
03410675 60
03410684 55
03410693 55
03410703 40
03410712 60
03410721 45
03410730 60
03410746 45
03410755 45
03410773 50
03410782 45
03410791 45
03410810 50
03410826 50
03410835 45
03410853 50
03410862 45
03410880 45
03410896 40
03410915 40
03410924 45
03410933 45
03410942 35
03410951 50
03410960 45
03410976 55
03411015 50
03411033 50
03411042 50
03411060 60
03411076 45
03412410 50
03412426 45
03413014 45
03420023 50
03420032 45
03420050 50
03420066 10
03420075 45
03420084 45
03420093 45
03420103 45
03420112 50
03420121 50
03420130 45
03420146 45
03420155 50
03420164 45
03420173 45
03420182 40
03420191 45
03420201 45
03420210 45
03420226 50
03420235 40
03420253 50
03420262 50
03420271 50
03420280 45
03420296 50
03420306 45
03420315 45
03420324 45
03420333 45
03420342 45
03420351 50
03420360 45
03420376 74
03420404 50
03420413 50
03420422 50
03420440 50
03420456 45
03420465 45
03420474 45
03420483 50
03420492 45
03420502 45
03420511 45
03420536 55
03420545 50
03420554 60
03420563 50
03420572 50
03420581 45
03420590 50
03420600 45
03420616 50
03420625 50
03420634 50
03420652 50
03420661 50
03420670 50
03420695 50
03420714 60
03420723 55
03420732 40
03420741 45
03420750 50
03420766 45
03420775 45
03420784 50
03420793 45
03420803 55
03420812 45
03420821 50
03420846 65
03420864 55
03420873 60
03420882 45
03420901 45
03420910 55
03420926 45
03420935 45
03420953 40
03420962 45
03420971 55
03420980 50
03420996 45
03421010 45
03421026 45
03421035 45
03421053 50
03421062 50
03421071 50
03421080 50
03421096 50
03421106 50
03421115 50
03421133 60
03421142 65
03421160 45
03421204 60
03421222 45
03421231 55
03421265 55
03421311 60
03421354 60
03421363 55
03421372 50
03421381 45
03421390 55
03421400 55
03421416 55
03421425 45
03421434 60
03421443 50
03421452 60
03421461 60
03421470 65
03421495 45
03421505 45
03421514 50
03421523 50
03421532 50
03421541 45
03421550 45
03421566 45
03421575 45
03421584 50
03421593 50
03421603 50
03421612 50
03421621 50
03421630 50
03421655 55
03421664 45
03421673 45
03421682 50
03421701 60
03421710 60
03421726 50
03421735 50
03421753 45
03421762 60
03421796 55
03421806 65
03421815 65
03421824 55
03421833 45
03421842 65
03421851 45
03421885 50
03421894 50
03421904 50
03421913 45
03421922 50
03421931 60
03421940 50
03421965 50
03421974 55
03421983 50
03422004 45
03422013 50
03422022 60
03422040 50
03422056 45
03422065 55
03422074 55
03422083 50
03422102 45
03422111 55
03422136 45
03422145 45
03422163 55
03422412 45
03422421 50
03422430 50
03422731 50
03422756 50
03423016 50
03423025 50
03423034 60
03423052 50
03423070 50
03423086 50
03423095 65
03423114 60
03423123 60
03423132 60
03423141 60
03423150 60
03423611 45
03423620 50
03423636 10
03423645 65
03423654 60
03423700 45
03423716 55
03430016 45
03430025 50
03430034 50
03430052 45
03430061 45
03430070 45
03430086 78
03430095 45
03430105 45
03430123 45
03430132 60
03430141 45
03430150 45
03430166 50
03430175 45
03430184 50
03430193 50
03430203 60
03430212 74
03430221 55
03430230 50
03430255 45
03430264 45
03430282 55
03430301 50
03430326 45
03430335 50
03430371 45
03430380 50
03430396 50
03430406 55
03430415 50
03430424 55
03430433 45
03430451 45
03430460 50
03430476 50
03430485 45
03430504 50
03430513 45
03430522 45
03430531 45
03430540 45
03430565 45
03430574 45
03430592 50
03430602 45
03430611 50
03430620 45
03430654 45
03430663 45
03430672 50
03430681 45
03430690 45
03430716 50
03430734 55
03430743 45
03430795 45
03430805 45
03430814 50
03430832 50
03430866 50
03430875 50
03430884 45
03430893 50
03430903 50
03430912 45
03430921 50
03430930 55
03430955 45
03430964 45
03430991 50
03431012 45
03431021 55
03431030 50
03431046 50
03431055 50
03431064 50
03431091 50
03431101 70
03431110 60
03431126 60
03431135 55
03431153 60
03431162 60
03431171 60
03431180 55
03431206 45
03431224 45
03431242 45
03431260 50
03431285 50
03431313 45
03431331 60
03432414 50
03433020 45
03433063 45
03433090 50
03433100 60
03433125 50
03433134 50
03433143 45
03433152 45
03433161 50
03433186 50
03433195 50
03433205 50
03440011 50
03440020 50
03440036 50
03440045 45
03440054 50
03440063 50
03440072 50
03440081 50
03440090 50
03440100 50
03440116 45
03440125 50
03440134 50
03440143 45
03440152 50
03440161 50
03440170 50
03440186 45
03440195 45
03440214 50
03440223 45
03440232 45
03440241 45
03440250 45
03440266 45
03440275 45
03440284 45
03440293 45
03440303 45
03440321 50
03440330 50
03440346 45
03440355 45
03440364 50
03440373 65
03440382 60
03440401 50
03440410 50
03440426 45
03440435 65
03440453 50
03440462 60
03440471 55
03440480 45
03440496 60
03440506 50
03440515 60
03440524 60
03440533 60
03440542 65
03440551 50
03440560 55
03440576 45
03440585 45
03440594 45
03440604 45
03440622 55
03440631 50
03440640 45
03440656 60
03440665 50
03440683 50
03440702 50
03440711 45
03440772 10
03440800 60
03440816 45
03440834 45
03440852 50
03440886 50
03440932 50
03440941 55
03440966 50
03440975 60
03440984 50
03441005 50
03441014 60
03441023 60
03441032 50
03441041 50
03441050 50
03441066 60
03441075 50
03441084 50
03441103 50
03441112 60
03441121 45
03441130 50
03441146 50
03441155 50
03441164 45
03441173 60
03441182 60
03441191 50
03441201 60
03441210 55
03441226 50
03441235 50
03441253 60
03441262 65
03441271 50
03441296 45
03441306 50
03441324 60
03441333 50
03441342 50
03441351 60
03441360 60
03441376 45
03441385 60
03441394 60
03441404 60
03441431 55
03441465 45
03441474 50
03441483 50
03442416 55
03443013 60
03443022 45
03443031 65
03443074 50
03443083 45
03450013 50
03450022 50
03450031 60
03450040 60
03450056 45
03450065 45
03450074 45
03450083 45
03450092 45
03450102 45
03450111 55
03450120 60
03450136 50
03450145 45
03450154 45
03450163 50
03450172 45
03450181 50
03450200 45
03450216 50
03450225 50
03450234 50
03450243 50
03450252 50
03450261 45
03450270 65
03450286 65
03450295 45
03450305 55
03450314 45
03450323 50
03450332 45
03450350 50
03450366 50
03450375 50
03450384 45
03450393 60
03450403 55
03450412 45
03450421 45
03450430 60
03450446 45
03450455 55
03450473 45
03450482 50
03450501 60
03450510 50
03450526 50
03450535 50
03450553 50
03450562 50
03450571 50
03450596 60
03450615 50
03450624 50
03450651 50
03450660 50
03450676 50
03450685 60
03450694 60
03450704 60
03450713 50
03450722 60
03450731 50
03450740 50
03450756 50
03450765 50
03450774 50
03450783 50
03450792 65
03450802 65
03450811 60
03450820 60
03450836 55
03450845 65
03450854 50
03450863 45
03450872 50
03450881 50
03450900 60
03450916 45
03450925 60
03450934 60
03450943 74
03450952 45
03450961 60
03450986 50
03450995 45
03451000 45
03451016 45
03451025 45
03451034 45
03451043 45
03451052 50
03451070 45
03451086 45
03451095 50
03451105 45
03451123 50
03451132 50
03451141 60
03451150 60
03451166 50
03451184 45
03451193 45
03451212 45
03451221 45
03451255 45
03451264 50
03451273 60
03452411 50
03910213 70
03910240 50
03910274 70
03910292 85
03910311 85
03910320 80
03910336 65
03910345 70
03910363 40
03910381 60
03910390 65
03910400 55
03910416 45
03910425 60
03910452 60
03910461 75
03910486 60
03910495 85
03910505 60
03910514 90
03910532 60
03910550 60
03910603 65
03911526 55
03911535 50
03911553 55
03911562 90
03911571 55
03911651 55
03911660 63
03911685 65
03911694 55
03911704 45
03911713 60
03911722 55
03911765 60
03911783 40
03911836 40
04040013 95
04040022 40
04040031 50
04040040 50
04040056 55
04040065 45
04040074 60
04040083 30
04040092 55
04040102 60
04040111 65
04040120 65
04040145 50
04040154 40
04040163 45
04040172 40
04040181 40
04040190 40
04040216 34
04040225 45
04040243 55
04040252 50
04040261 70
04040270 40
04040286 35
04040295 35
04040305 40
04040314 45
04040323 55
04040341 60
04040350 45
04040366 55
04040384 50
04040393 50
04040403 40
04040412 65
04040430 45
04040464 40
04040482 40
04040491 40
04040501 35
04040510 45
04040526 30
04040553 40
04040562 55
04040571 50
04040580 45
04040596 40
04040615 30
04040624 45
04043024 55
04043042 50
04050015 35
04050024 40
04050033 45
04050042 45
04050051 55
04050060 45
04050076 55
04050094 50
04050104 40
04050122 40
04050131 35
04050140 40
04050156 45
04050165 45
04050174 45
04050183 35
04050192 60
04050202 55
04050245 55
04050254 50
04050263 45
04050272 60
04050281 55
04050290 55
04050300 45
04050316 65
04050325 40
04050334 40
04050343 35
04050352 65
04050361 45
04050370 45
04050386 40
04050395 50
04050414 35
04050423 40
04050432 70
04050441 45
04050466 65
04050475 65
04050484 60
04050493 70
04050512 55
04050521 70
04050546 55
04050555 45
04050564 40
04050582 40
04050591 40
04050601 45
04050610 50
04050626 50
04050653 65
04050662 55
04050671 40
04050696 50
04050706 65
04050715 50
04050724 45
04050733 45
04050742 55
04050751 45
04050760 50
04050785 55
04050794 50
04050804 70
04050856 60
04050865 35
04050874 35
04050883 50
04050902 55
04050911 50
04050920 40
04052413 70
04052422 80
04052431 60
04052456 65
04052474 55
04052483 60
04052492 55
04052502 40
04052511 45
04052520 65
04052536 60
04052545 35
04052554 45
04052563 50
04052572 55
04052581 60
04052625 45
04052634 55
04052643 65
04052661 50
04053010 60
04053026 60
04053035 65
04053071 63
04053096 55
04053115 67
04053124 62
04053142 48
04060010 61
04060026 63
04060035 46
04060053 66
04060062 54
04060071 52
04060080 41
04060096 42
04060106 35
04060115 54
04060133 43
04060142 67
04060151 44
04060160 35
04060176 58
04060185 55
04060194 47
04060204 53
04060213 64
04060222 56
04060231 52
04060240 60
04060256 43
04060265 45
04060274 50
04060283 50
04060292 63
04060302 64
04060311 56
04060336 48
04060345 70
04060354 57
04060363 51
04060372 46
04060381 51
04060390 60
04060400 40
04060416 45
04060425 30
04060434 55
04060452 58
04060461 64
04060470 73
04060486 68
04060495 34
04060505 46
04060514 67
04060532 48
04060541 54
04060550 56
04060566 52
04060575 51
04060584 46
04060593 65
04060603 53
04060612 41
04060621 42
04060646 62
04060655 53
04060664 64
04060682 53
04060691 47
04060701 42
04060710 57
04060726 54
04060753 53
04060762 56
04060824 70
04062415 42
04062433 48
04062451 51
04062460 63
04062476 52
04062485 41
04062494 43
04062504 60
04062513 67
04062522 42
04062531 68
04062540 53
04062556 45
04062592 42
04062602 46
04062611 52
04062620 47
04062636 48
04062645 60
04062654 55
04062663 50
04062672 60
04062681 40
04062700 60
04062716 45
04063012 62
04063021 53
04063046 66
04063055 78
04070021 43
04070046 65
04070055 48
04070064 51
04070073 64
04070091 67
04070101 52
04070110 49
04070126 55
04070135 64
04070153 63
04070162 46
04070171 60
04070180 42
04070196 45
04070206 50
04070215 50
04070224 48
04070233 57
04070242 42
04070251 37
04070260 56
04070276 50
04070285 48
04070294 43
04070304 45
04070313 49
04070322 55
04070331 53
04070365 54
04070374 45
04070383 42
04072410 48
04072426 63
04072435 50
04072453 50
04072462 60
04072471 55
04072480 47
04072496 50
04072506 43
04072515 36
04072524 40
04072533 53
04072551 54
04072576 43
04072585 46
04072594 56
04072604 59
04072613 62
04072622 51
04072631 62
04072656 47
04072665 58
04072674 5
04072683 43
04072702 46
04073014 47
04073023 48
04073032 32
04073041 50
04073050 65
04073066 62
04073075 63
04073093 54
04073103 67
04080014 68
04080041 55
04080066 58
04080075 48
04080084 50
04080093 46
04080103 44
04080112 50
04080121 52
04080146 45
04080155 53
04080164 60
04080173 47
04080182 60
04080201 42
04080210 45
04080226 60
04080235 55
04080253 56
04080262 55
04080271 56
04080280 50
04080296 45
04080306 52
04080315 70
04080324 65
04080333 50
04080342 49
04080351 42
04080360 60
04080376 57
04080385 60
04080394 60
04080404 59
04080413 52
04080422 45
04080431 60
04080440 30
04080456 50
04080483 53
04080492 70
04080502 56
04080511 48
04080520 38
04080554 68
04082412 45
04082421 43
04082430 46
04082446 48
04082464 37
04082473 44
04082482 60
04082491 66
04082501 54
04082510 60
04082535 52
04082553 60
04082562 60
04082571 59
04082580 56
04082596 46
04082606 41
04082615 39
04082624 55
04082633 68
04082642 55
04090016 57
04090025 60
04090052 58
04090061 51
04090070 50
04090095 47
04090105 43
04090114 50
04090123 52
04090132 43
04090141 50
04090150 60
04090166 58
04090175 55
04090184 43
04090193 45
04090203 40
04090212 50
04090221 55
04090230 60
04090255 45
04090264 45
04090273 58
04090282 57
04090291 52
04090301 57
04090310 64
04090326 70
04090335 41
04090353 70
04090362 48
04090371 65
04090380 70
04090396 43
04090406 66
04090415 57
04090424 48
04090433 60
04090442 49
04090451 63
04090460 50
04090476 58
04090485 58
04090494 65
04090504 60
04090513 49
04090522 54
04090531 53
04090540 50
04090556 50
04090565 46
04090574 64
04090583 49
04090592 60
04090602 57
04090611 52
04090620 43
04090636 50
04090645 63
04090654 67
04090663 68
04090672 48
04090681 65
04090690 55
04090700 37
04090716 54
04090725 65
04090734 44
04090752 52
04090761 47
04090770 60
04090786 47
04090795 42
04090805 55
04090823 30
04090832 66
04090841 50
04090850 67
04090866 49
04090875 44
04090884 57
04090893 55
04090903 60
04090912 54
04090921 57
04090930 62
04090946 49
04090955 45
04090973 48
04090982 51
04090991 63
04091012 72
04091021 49
04091030 45
04091046 40
04091073 43
04091632 60
04091641 30
04091650 45
04091666 57
04091675 44
04091684 60
04091693 49
04091712 54
04091721 40
04091730 42
04091746 41
04091755 60
04091764 65
04091773 60
04091782 52
04091791 55
04091801 43
04091810 43
04091835 40
04091853 66
04091862 60
04091871 57
04091880 77
04091896 64
04091906 62
04091976 49
04092015 65
04092024 54
04092094 43
04092104 48
04092414 40
04092423 40
04092432 55
04092441 50
04092450 56
04092493 47
04092503 58
04092512 52
04092521 59
04092530 64
04092582 43
04092601 63
04092610 51
04092626 60
04092635 42
04092653 50
04092662 47
04092680 49
04092696 64
04092706 49
04092715 70
04092724 58
04092733 44
04092742 60
04093020 55
04093036 52
04093054 50
04093063 47
04093613 51
04093622 60
04093631 50
04093640 65
04110015 65
04110024 46
04110033 37
04110042 54
04110051 66
04110060 54
04110076 60
04110085 64
04110094 61
04110104 50
04110113 60
04110122 48
04110131 52
04110140 72
04110156 68
04110165 60
04110174 64
04110183 57
04110192 53
04110202 46
04110220 67
04110236 59
04110245 60
04110254 42
04110263 45
04110272 66
04110290 70
04110300 67
04110316 60
04110325 61
04110334 57
04110343 60
04110352 62
04110361 70
04110370 68
04110386 66
04110395 60
04110405 55
04110414 52
04110423 43
04110441 63
04110484 48
04110493 50
04110503 59
04110512 54
04110521 59
04110530 60
04110546 57
04110555 55
04110564 48
04110573 66
04110582 66
04110591 68
04110610 60
04110626 60
04110635 69
04110653 51
04110662 42
04110680 58
04110696 60
04110706 56
04110715 53
04110724 60
04110733 44
04110742 48
04110760 57
04110785 62
04110794 55
04110804 59
04110813 64
04110831 63
04110840 62
04110865 62
04110874 65
04110883 57
04110892 53
04110902 54
04110911 67
04110920 49
04110936 70
04110945 49
04110954 62
04110963 47
04110972 45
04110981 50
04110990 63
04111002 55
04111020 51
04111036 46
04111045 49
04111054 60
04111063 57
04111072 47
04111081 60
04111090 68
04111116 49
04111125 67
04111134 64
04111143 54
04111152 50
04111161 46
04111170 42
04111186 38
04111195 65
04111205 47
04111214 50
04111223 60
04111232 33
04111241 50
04111250 48
04111266 56
04111275 50
04111284 52
04111293 57
04111321 55
04111346 64
04111355 47
04111364 53
04111382 47
04111391 51
04111435 44
04111453 60
04111471 63
04111480 59
04111533 60
04111542 37
04112041 53
04112050 30
04112413 55
04112422 42
04112431 56
04112440 66
04112456 54
04112465 50
04112474 47
04112483 53
04112492 60
04112502 54
04112511 50
04112520 49
04112536 51
04112554 55
04112563 43
04112581 40
04112600 51
04112616 60
04112625 52
04112643 42
04112652 68
04112670 61
04112686 64
04112695 55
04112705 46
04112714 42
04112732 57
04112741 62
04112750 48
04112766 57
04112775 41
04112784 43
04112793 50
04112803 49
04112812 52
04112821 63
04112830 64
04112855 66
04112864 59
04112873 52
04112882 58
04112891 49
04112926 39
04112935 60
04112953 58
04112962 68
04112971 51
04112980 49
04112996 47
04113001 60
04113010 40
04113026 42
04113035 55
04113053 54
04113062 53
04113071 52
04113080 60
04113096 44
04113124 70
04113142 48
04113160 64
04113176 65
04113185 51
04113194 49
04113204 52
04113222 46
04113231 43
04113256 63
04113265 47
04113274 63
04113302 57
04113363 46
04113372 60
04113381 69
04113390 66
04113416 60
04113434 56
04113443 65
04113452 69
04113461 52
04113470 64
04113612 72
04113621 64
04130012 49
04130046 52
04130055 60
04130064 43
04130082 45
04130091 62
04130101 58
04130110 54
04130135 53
04130153 54
04130162 51
04130171 45
04130206 49
04130215 67
04130224 63
04130233 56
04130242 60
04130251 54
04130260 60
04130276 53
04130285 57
04130294 60
04130313 58
04130322 43
04130331 69
04130340 62
04130356 54
04130365 52
04130374 51
04130383 65
04130392 60
04130402 59
04130411 53
04130420 43
04130436 57
04130445 67
04130454 62
04130463 43
04130472 48
04130481 50
04130500 60
04130516 53
04130525 54
04130534 44
04130543 66
04130552 56
04130561 52
04130570 65
04130586 80
04130605 62
04130632 63
04130641 46
04130650 47
04130666 54
04130675 67
04130693 65
04130703 53
04130721 51
04130730 49
04130746 65
04130755 62
04130764 60
04130791 54
04132410 53
04132426 48
04132435 54
04132453 44
04132462 43
04132471 41
04132480 60
04132496 66
04132506 48
04132515 50
04132524 63
04132533 53
04132542 60
04132576 46
04132594 47
04132622 69
04132631 45
04132640 65
04132665 47
04132674 51
04132683 66
04132692 62
04132702 70
04132720 45
04132736 60
04132745 56
04132772 47
04132781 48
04132800 41
04132825 70
04132834 60
04132843 60
04132852 51
04132861 64
04132870 66
04132886 70
04132895 62
04132905 54
04132914 67
04132923 63
04132932 52
04132950 64
04132966 43
04132975 40
04132984 60
04133005 62
04133023 63
04133032 55
04133041 59
04133066 60
04133075 31
04133084 59
04133093 48
04133103 35
04133121 65
04133130 48
04133155 46
04133164 60
04133173 63
04133182 52
04133191 66
04133201 60
04133210 63
04133226 61
04133235 52
04133262 43
04133271 51
04133280 52
04133296 63
04133306 54
04133315 49
04133324 63
04133333 58
04133342 60
04133351 64
04133360 65
04133376 66
04133394 60
04133404 56
04133413 68
04133422 53
04133431 58
04133440 42
04133456 54
04133465 47
04133483 60
04133492 52
04133502 63
04133545 70
04133554 49
04133563 52
04133572 53
04133581 44
04133590 56
04133616 42
04133625 65
04133634 43
04133643 72
04133661 64
04133686 67
04133705 43
04133714 62
04133723 66
04133732 65
04140014 54
04140023 56
04140032 60
04140041 68
04140050 62
04140066 54
04140075 60
04140084 53
04140093 66
04140103 67
04140112 57
04140121 66
04140130 66
04140146 47
04140155 62
04140164 54
04140173 49
04140182 43
04140191 58
04140201 66
04140210 47
04140226 60
04140235 55
04140253 31
04140271 50
04140280 46
04140296 56
04140306 70
04140315 54
04140324 50
04140333 60
04140342 65
04140351 49
04140360 60
04140376 53
04140385 57
04140394 48
04140404 51
04140413 49
04140422 53
04140431 65
04140440 67
04140456 54