03131946 52
03131955 58
03131973 62
03131991 40
03132411 50
03132420 44
03133015 67
03133024 47
03133051 85
03133085 51
03133113 60
03133183 75
03133192 64
03133211 78
03133220 58
03133626 68
03133635 68
03160012 40
03160021 71
03160046 59
03160055 51
03160064 50
03160073 41
03160082 50
03160091 54
03160101 54
03160110 73
03160126 60
03160135 74
03160153 57
03160162 51
03160171 57
03160180 43
03160206 58
03160215 48
03160224 64
03160233 54
03160242 41
03160251 65
03160260 58
03160276 55
03160285 68
03160294 54
03160304 55
03160313 50
03160322 54
03160340 54
03160374 62
03160383 62
03160402 54
03160411 55
03160420 53
03160436 59
03160454 54
03160472 59
03160481 62
03160490 63
03160500 67
03160516 53
03160525 58
03160534 68
03160543 61
03160552 57
03160570 56
03160586 52
03160595 49
03160614 63
03160623 51
03160632 53
03160666 56
03160675 53
03160684 53
03160693 53
03160703 54
03160712 51
03160721 64
03160730 61
03160746 64
03160755 68
03160764 63
03160773 60
03160782 53
03160791 53
03160801 54
03160826 64
03160835 57
03160853 66
03160862 58
03160871 66
03160880 48
03160906 47
03160924 77
03160976 51
03161033 58
03161042 61
03161051 45
03161060 45
03161076 57
03161104 56
03161122 65
03161140 61
03161156 63
03161165 57
03161174 47
03161192 53
03161202 47
03161211 47
03161236 45
03161245 68
03161254 51
03161272 45
03162410 60
03163023 62
03163032 59
03163041 53
03163084 52
03163093 65
03163112 83
03163121 54
03163130 54
03163146 54
03163155 60
03163616 54
03163625 55
03200015 54
03200024 57
03200042 57
03200051 50
03200060 62
03200076 57
03200094 57
03200104 57
03200113 51
03200122 52
03200131 43
03200156 60
03200174 60
03200183 54
03200202 59
03200211 51
03200220 51
03200236 50
03200245 60
03200254 53
03200263 51
03200281 56
03200290 56
03200300 55
03200316 55
03200325 55
03200334 56
03200343 60
03200352 59
03200361 55
03200370 50
03200386 60
03200405 53
03200414 52
03200423 54
03200432 55
03200441 50
03200450 50
03200466 50
03200475 54
03200484 53
03200493 64
03200503 61
03200512 53
03200521 53
03200530 51
03200546 50
03200555 58
03200564 47
03200573 63
03200582 46
03200591 65
03200601 53
03200610 47
03200626 55
03200635 54
03200653 60
03200671 61
03200680 61
03200696 65
03200706 64
03200715 55
03200724 53
03200733 51
03200751 64
03200760 51
03200776 53
03200785 53
03200794 50
03200804 57
03200813 52
03200822 68
03200856 53
03200865 56
03200874 64
03200883 55
03200892 55
03200902 61
03200911 63
03200936 61
03200945 54
03200954 50
03200963 50
03200972 55
03200990 67
03201002 66
03201011 54
03201020 53
03201054 53
03201063 53
03201072 69
03201081 64
03201100 61
03201116 61
03201125 60
03201134 63
03201143 70
03201170 63
03201195 68
03201214 56
03201223 54
03201232 61
03201241 74
03201284 60
03201293 54
03201330 64
03201346 61
03201355 59
03201364 72
03201373 60
03201401 58
03201410 61
03201426 54
03201435 60
03201453 54
03201462 54
03201471 54
03201480 55
03201496 54
03201506 68
03201515 50
03201524 51
03201533 53
03201542 55
03201551 53
03201560 55
03201585 55
03201594 48
03201604 48
03201613 51
03201622 55
03201631 49
03201640 60
03201665 54
03201674 60
03201683 59
03201692 56
03201702 54
03201711 60
03201720 54
03201736 51
03201745 47
03201754 58
03201763 56
03201772 61
03201781 63
03201790 54
03201800 53
03201816 55
03201825 54
03201834 60
03201843 60
03201852 53
03201861 53
03201870 55
03201886 53
03201895 64
03201905 53
03201914 51
03201923 54
03201932 58
03201941 58
03201950 68
03201966 64
03201984 58
03201993 60
03202005 54
03202014 75
03202023 65
03202032 59
03202041 64
03202050 63
03202066 54
03202075 60
03202084 51
03202093 53
03202103 53
03202112 54
03202121 60
03202146 54
03202164 68
03202182 47
03202413 55
03202422 66
03202431 46
03202440 60
03202456 46
03202465 61
03202474 59
03202483 51
03202492 48
03202643 60
03202670 50
03202695 59
03202714 64
03210026 57
03210035 50
03210053 50
03210062 60
03210071 54
03210080 57
03210096 56
03210115 53
03210142 64
03210160 59
03210176 54
03210185 48
03210204 55
03210213 65
03210222 51
03210231 52
03210240 52
03210256 55
03210265 53
03210274 55
03210283 70
03210292 51
03210302 47
03210311 47
03210320 55
03210336 63
03210345 54
03210354 54
03210363 54
03210372 65
03210381 64
03210400 65
03210416 57
03210425 53
03210443 53
03210452 67
03210470 52
03210486 52
03210495 53
03210505 67
03210532 60
03210541 54
03210566 61
03210575 55
03210584 61
03210593 50
03210621 51
03210630 51
03210646 54
03210655 52
03210682 56
03210691 63
03210701 51
03210726 55
03210735 60
03210753 54
03210762 63
03210771 64
03210780 51
03210796 59
03210806 50
03210815 53
03210824 64
03210851 48
03210860 51
03210904 51
03210913 51
03210922 53
03210931 54
03210940 68
03210956 57
03210965 53
03210974 51
03210983 68
03211013 57
03211022 54
03211031 51
03211040 54
03211065 64
03211074 63
03211083 54
03211092 53
03211102 58
03211111 51
03211120 66
03211136 51
03211145 51
03211154 49
03211163 47
03211172 59
03211181 78
03211190 50
03211200 51
03211225 53
03211234 53
03211243 46
03211261 54
03211270 52
03211286 68
03211295 51
03211305 51
03211314 52
03211323 46
03211332 51
03211341 56
03211350 60
03211366 61
03211375 54
03211384 51
03211403 51
03211412 52
03211421 52
03211430 54
03212415 48
03212424 48
03212433 51
03213021 59
03213030 61
03213046 68
03213614 70
03213623 51
03213632 43
03213650 51
03230014 47
03230023 55
03230032 54
03230041 51
03230050 44
03230066 43
03230075 49
03230084 49
03230093 54
03230103 51
03230112 51
03230121 52
03230146 52
03230155 59
03230164 51
03230173 51
03230182 51
03230191 53
03230201 51
03230210 51
03230226 67
03230235 59
03230253 51
03230262 52
03230271 64
03230280 69
03230296 53
03230306 53
03230324 50
03230333 49
03230351 51
03230376 51
03230394 53
03230404 59
03230422 54
03230431 52
03230440 54
03230456 53
03230465 52
03230474 50
03230483 52
03230492 53
03230502 58
03230511 48
03230520 48
03230545 54
03230554 54
03230563 57
03230572 61
03230581 59
03230590 58
03230600 54
03230616 49
03230625 54
03230634 47
03230643 69
03230652 54
03230661 50
03230670 50
03230705 54
03230714 51
03230723 59
03230732 50
03230741 51
03230766 54
03230775 47
03230803 43
03230821 50
03230830 50
03230846 50
03230855 54
03230873 57
03230891 51
03230901 46
03230910 49
03230926 51
03230935 49
03230953 49
03230962 48
03230971 50
03230980 52
03231001 54
03231026 56
03231035 49
03231071 57
03231080 52
03231096 49
03231106 49
03231115 55
03231124 52
03231142 50
03231151 50
03231160 49
03231176 54
03231185 51
03231194 53
03231204 53
03231213 52
03231222 51
03231231 59
03231240 49
03231256 51
03231265 54
03231274 56
03231283 52
03231292 53
03231302 51
03231311 51
03231320 57
03231354 60
03231363 55
03231372 60
03232412 49
03232421 50
03232430 64
03233016 60
03233025 63
03233034 47
03233052 65
03240016 61
03240025 64
03240034 46
03240043 46
03240052 49
03240061 49
03240070 47
03240086 54
03240105 49
03240123 55
03240132 54
03240150 59
03240166 57
03240175 50
03240184 51
03240193 53
03240203 53
03240212 50
03240230 63
03240246 60
03240255 54
03240264 51
03240282 64
03240291 52
03240301 70
03240326 47
03240335 51
03240353 51
03240371 50
03240396 58
03240406 57
03240433 54
03240442 48
03240451 49
03240460 49
03240522 49
03240531 49
03240540 40
03240556 54
03240592 64
03240602 60
03242414 57
03242423 61
03242432 58
03242441 57
03242450 54
03242466 49
03242475 51
03243054 58
03243063 55
03243613 63
03243622 59
03243631 51
03243640 60
03243656 60
03243665 53
03270015 53
03270024 54
03270033 50
03270042 50
03270060 57
03270076 57
03270104 67
03270113 64
03270131 64
03270140 57
03270165 54
03270183 53
03270202 53
03290012 52
03290021 52
03290030 53
03290046 64
03290055 64
03290064 58
03290082 57
03290091 57
03290110 50
03290126 54
03290135 49
03290162 49
03290171 50
03290180 47
03290196 51
03290206 59
03290233 59
03290242 57
03290251 65
03290260 49
03290356 64
03290374 64
03290383 57
03290392 57
03290402 51
03290411 48
03290420 48
03290436 68
03290445 60
03290454 51
03290463 51
03290472 50
03290490 52
03290500 50
03290516 51
03290525 53
03290534 52
03290543 56
03290570 56
03290586 64
03290595 54
03290605 58
03290614 51
03290623 64
03290632 58
03290650 51
03290666 55
03290675 54
03292410 65
03292426 52
03292435 66
03292453 54
03292471 51
03292480 49
03292496 49
03292506 51
03292515 51
03292533 50
03292895 51
03292905 54
03292923 60
03293014 64
03293032 71
03320013 50
03320022 51
03320031 50
03320065 51
03320074 51
03320083 57
03320092 51
03320102 50
03320111 49
03320120 50
03320136 64
03320145 53
03320154 53
03320163 47
03320172 60
03320181 51
03320190 60
03320200 60
03320216 58
03320225 60
03320234 45
03320252 58
03320341 54
03320366 51
03320375 66
03320393 74
03320446 54
03320455 53
03320464 55
03320473 75
03320482 47
03320501 50
03320510 53
03320526 52
03320535 64
03320553 51
03320562 54
03320571 49
03320580 49
03320596 48
03320606 50
03320615 49
03320624 48
03320633 48
03320642 48
03320660 53
03320676 58
03320685 64
03320694 54
03320704 52
03320713 50
03320731 60
03320740 58
03320756 54
03322411 50
03322420 64
03322436 50
03322454 46
03322463 50
03322472 50
03322481 48
03322801 77
03322835 57
03322871 57
03322880 52
03322915 51
03322924 51
03322960 47
03330015 58
03330024 64
03330042 53
03330060 57
03330076 52
03330085 52
03330094 52
03330104 50
03330113 50
03330122 58
03330131 70
03330140 63
03330156 50
03330165 49
03330183 52
03330192 58
03330202 58
03330211 50
03330290 45
03330316 51
03330325 51
03330334 50
03330343 53
03330352 54
03330361 53
03330370 51
03330386 51
03330395 59
03330405 59
03330432 51
03330441 64
03330466 53
03330475 53
03330484 63
03330493 52
03330503 52
03330512 52
03330521 52
03330530 48
03330546 64
03330555 43
03330564 63
03330573 50
03330582 50
03330591 51
03330610 50
03330626 51
03330635 55
03332413 55
03332422 58
03332431 54
03332440 51
03332456 47
03332465 51
03332474 52
03332483 49
03332492 51
03332502 64
03332511 54
03332520 52
03332536 47
03332910 47
03340010 55
03340026 49
03340035 49
03340053 69
03340071 51
03340080 46
03340096 55
03340106 54
03340115 50
03340133 60
03340142 51
03340151 49
03340160 53
03340176 50
03340185 51
03340240 60
03340292 53
03340311 53
03340320 53
03340336 57
03340345 53
03340354 57
03340381 72
03340390 61
03340400 49
03340416 55
03340425 57
03340434 49
03340461 49
03340470 47
03340486 49
03340495 48
03340505 50
03340514 56
03340523 56
03340532 56
03340541 57
03340550 60
03340566 50
03340575 47
03340584 51
03340593 49
03340603 49
03340621 48
03340630 49
03340646 46
03340655 46
03342415 54
03342424 52
03342433 50
03342442 50
03342451 50
03342460 53
03342476 50
03342485 47
03342494 54
03350012 50
03350021 50
03350030 43
03350046 54
03350073 46
03350091 46
03350126 46
03350135 46
03350162 51
03350196 50
03350206 61
03350233 65
03350242 46
03350251 60
03350260 59
03350285 46
03350294 48
03350304 52
03350322 52
03350331 59
03350340 50
03350365 47
03350374 60
03350383 46
03350402 47
03350411 53
03350420 59
03350436 54
03350454 54
03350463 46
03350490 46
03350500 49
03350516 50
03350534 47
03350543 50
03350552 50
03350561 50
03350570 57
03350595 58
03350605 52
03350614 54
03350623 59
03350632 50
03350641 50
03350650 57
03350666 46
03350684 68
03350693 60
03350703 50
03350730 51
03350755 60
03350764 54
03350782 50
03350826 68
03350835 57
03350853 54
03350862 52
03350871 52
03350880 50
03350896 47
03350906 49
03350915 52
03350933 50
03350942 47
03350976 47
03350985 55
03350994 49
03351015 75
03351024 43
03351033 50
03351051 55
03351060 50
03351085 49
03351094 49
03351113 53
03351131 49
03351156 48
03351174 54
03351192 56
03351202 64
03351220 52
03351236 55
03351245 59
03352410 50
03353041 54
03353075 51
03353112 60
03353616 50
03353625 59
03360014 50
03360023 53
03360032 49
03360041 49
03360075 47
03360084 58
03360093 50
03360112 53
03360121 60
03360146 49
03360155 55
03360164 55
03360173 58
03360182 51
03360210 53
03360226 46
03360235 48
03360253 50
03360262 50
03360271 48
03360296 55
03360306 57
03360315 46
03360324 44
03360342 46
03360351 90
03360360 48
03360376 57
03360404 53
03360413 46
03360431 50
